\begin{table*}[ht]
\centering
\begin{tabular}{lcccccccc}
\toprule
 & AI2D & HallusionBench & MMBench & MMMU & MMStar & MMVet & MathVista & OCRBench \\ \midrule
AI2D & 100.00 & 79.20 & 91.84 & 85.44 & 93.60 & 76.29 & 89.59 & 55.53 \\
HallusionBench & 79.20 & 100.00 & 75.55 & 88.21 & 76.10 & 84.56 & 65.93 & 63.21 \\
MMBench & 91.84 & 75.55 & 100.00 & 84.97 & 92.95 & 80.38 & 94.41 & 68.26 \\
MMMU & 85.44 & 88.21 & 84.97 & 100.00 & 88.31 & 93.87 & 78.06 & 53.75 \\
MMStar & 93.60 & 76.10 & 92.95 & 88.31 & 100.00 & 85.15 & 92.22 & 59.60 \\
MMVet & 76.29 & 84.56 & 80.38 & 93.87 & 85.15 & 100.00 & 75.10 & 60.47 \\
MathVista & 89.59 & 65.93 & 94.41 & 78.06 & 92.22 & 75.10 & 100.00 & 66.60 \\
OCRBench & 55.53 & 63.21 & 68.26 & 53.75 & 59.60 & 60.47 & 66.60 & 100.00 \\
\mmscoresens & 73.13 & 69.09 & 77.71 & 87.75 & 78.97 & 76.38 & 72.33 & 44.47 \\
\mmscoreinvar & 80.10 & 78.87 & 82.90 & 90.02 & 82.73 & 80.04 & 74.90 & 52.47 \\ \bottomrule
\end{tabular}
\caption{Comparison of performance across different benchmarks.}
\label{tab:benchmark_comparison}
\end{table*}