\begin{table*}[ht]
\centering
\renewcommand{\arraystretch}{1.2}
\caption{Last and average results on ImageNet-R and CIFAR-100 are reported. The mean and standard deviation of three trials are provided for 5 and 20 tasks settings. We compare all methods using the same ViT-B/16-IN21K backbone, seeds, and class orders. }
\label{tab:cifar_imgr_comparison}
\resizebox{\textwidth}{!}{%
\begin{tabular}{l|cc|cc|cc|cc}
\toprule
\multirow{3}{*}{\textbf{Method}} 
& \multicolumn{4}{c|}{\textbf{ImageNet-R}} & \multicolumn{4}{c}{\textbf{CIFAR-100}} \\
\cmidrule(lr){2-5} \cmidrule(lr){6-9}
& \multicolumn{2}{c|}{5 tasks} & \multicolumn{2}{c|}{20 tasks} 
& \multicolumn{2}{c|}{5 tasks} & \multicolumn{2}{c}{20 tasks} \\
& $\mathcal{A}_{\text{Last}}$ & $\mathcal{A}_{\text{Avg}}$ 
& $\mathcal{A}_{\text{Last}}$ & $\mathcal{A}_{\text{Avg}}$ 
& $\mathcal{A}_{\text{Last}}$ & $\mathcal{A}_{\text{Avg}}$ 
& $\mathcal{A}_{\text{Last}}$ & $\mathcal{A}_{\text{Avg}}$ \\
\midrule
CODA-Prompt\cite{smith2023coda} & 74.91$\pm$0.33 & 79.25$\pm$0.53 & 68.62$\pm$0.52 & 74.61$\pm$0.31 & 89.16$\pm$0.08 & 92.46$\pm$0.79& 81.18$\pm$0.71 & 86.62$\pm$0.93 \\
SLCA\cite{zhang2023slca} & \textcolor{blue}{81.01$\pm$0.11}  & 84.18$\pm$0.28  &  77.23$\pm$0.40  & 82.21$\pm$0.49  &  91.30$\pm$0.54  & 93.97$\pm$0.56  & 88.54$\pm$0.35  & 92.66$\pm$0.78  \\
RanPAC\cite{mcdonnell2023ranpac} & 79.53$\pm$0.12 & 83.69$\pm$0.13 & 75.47$\pm$0.22 & 81.20$\pm$0.15 & \textcolor{red}{92.68$\pm$0.16} & \textcolor{red}{94.85$\pm$0.54} & \textcolor{red}{90.77$\pm$0.17} & \textcolor{red}{94.00$\pm$0.74} \\
OS-Prompt\cite{kim2024one} & 75.78$\pm$0.06 &  80.49$\pm$0.49 & 72.50$\pm$0.78 & 78.43$\pm$1.07 & 88.35$\pm$0.23 & 92.04$\pm$0.76 & 81.46$\pm$0.56 & 87.15$\pm$1.15 \\
CPrompt\cite{gao2024consistent} & 77.99$\pm$0.31 & 82.34$\pm$0.32 & 73.77$\pm$0.14 & 79.81$\pm$0.50 & 89.04$\pm$0.41 & 92.26$\pm$0.57 & 84.48$\pm$0.46 & 89.35$\pm$1.09 \\
VQ-Prompt\cite{jiao2024vector} & 76.00$\pm$0.28 & 79.84$\pm$0.56 & 74.76$\pm$0.29 & 79.30$\pm$0.34 & 90.97$\pm$0.17 & 93.50$\pm$0.67 & 89.25$\pm$0.43 & 92.53$\pm$0.68 \\
EASE\cite{zhou2024expandable}  & 76.75$\pm$0.41 & 81.14$\pm$0.31 & 73.90$\pm$0.61 & 80.26$\pm$0.52 & 89.53$\pm$0.15 & 92.64$\pm$0.73 & 86.30$\pm$0.36 & 90.80$\pm$0.99 \\
SSIAT\cite{tan2024semantically} & 80.52$\pm$0.07 & \textcolor{blue}{84.25$\pm$0.31} & \textcolor{blue}{78.35$\pm$0.34} & \textcolor{blue}{82.39$\pm$0.42} & 92.01$\pm$0.15 & 94.37$\pm$0.68 & 90.07$\pm$0.44 & \textcolor{blue}{93.52$\pm$0.65}\\

InfLoRA+CA\cite{liang2024inflora} & 80.92$\pm$0.28 & 84.22$\pm$0.30 & 76.50$\pm$0.30 & 81.57$\pm$0.34 & 92.28$\pm$0.06 & 94.46$\pm$0.63 & 90.39$\pm$0.01 & 93.32$\pm$0.72 \\
MOS\cite{sun2024mos} & 78.76$\pm$0.17 & 82.37$\pm$0.26 & 75.16$\pm$0.59 & 80.53$\pm$0.70  & 92.31$\pm$0.20 & 94.44$\pm$0.74 & 89.43$\pm$0.37 & 92.95$\pm$0.79\\
\midrule
\textbf{Ours} & \textcolor{red}{83.37$\pm$0.26} & \textcolor{red}{87.00$\pm$0.35} & \textcolor{red}{79.43$\pm$0.34} & \textcolor{red}{84.34$\pm$0.32} & \textcolor{blue}{92.40$\pm$0.08} & \textcolor{blue}{94.71$\pm$0.64} & \textcolor{blue}{90.51$\pm$0.14} & 93.48$\pm$0.67\\
\bottomrule
\end{tabular}
}
\vspace{-5mm}
\end{table*}

% \begin{table*}[ht]
% \centering
% \renewcommand{\arraystretch}{1.2}
% \caption{Experimental results comparison on CIFAR-100 and ImageNet-R datasets. $\mathcal{A}_{\text{Last}}$ denotes the final task accuracy, $\mathcal{A}_{\text{Avg}}$ represents the average accuracy across all tasks.}
% \label{tab:cifar_imgr_comparison}
% \resizebox{\textwidth}{!}{%
% \begin{tabular}{l|cc|cc|cc|cc}
% \toprule
% \multirow{3}{*}{\textbf{Method}} 
% & \multicolumn{4}{c|}{\textbf{CIFAR-100}} & \multicolumn{4}{c}{\textbf{ImageNet-R}} \\
% \cmidrule(lr){2-5} \cmidrule(lr){6-9}
% & \multicolumn{2}{c|}{5 tasks} & \multicolumn{2}{c|}{20 tasks} 
% & \multicolumn{2}{c|}{5 tasks} & \multicolumn{2}{c}{20 tasks} \\
% & $\mathcal{A}_{\text{Last}}$ & $\mathcal{A}_{\text{Avg}}$ 
% & $\mathcal{A}_{\text{Last}}$ & $\mathcal{A}_{\text{Avg}}$ 
% & $\mathcal{A}_{\text{Last}}$ & $\mathcal{A}_{\text{Avg}}$ 
% & $\mathcal{A}_{\text{Last}}$ & $\mathcal{A}_{\text{Avg}}$ \\
% \midrule
% CODA-Prompt\cite{smith2023coda} & 89.16$\pm$0.08 & 92.46$\pm$0.79& 81.18$\pm$0.71 & 86.62$\pm$0.93 & 74.91$\pm$0.33 & 79.25$\pm$0.53 & 68.62$\pm$0.52 & 74.61$\pm$0.31 \\
% SLCA\cite{zhang2023slca}  &  91.30$\pm$0.54  & 93.97$\pm$0.56  & 88.54$\pm$0.35  & 92.66$\pm$0.78  & \textcolor{blue}{81.01$\pm$0.11}  & 84.18$\pm$0.28  &  77.23$\pm$0.40  & 82.21$\pm$0.49  \\
% RanPAC\cite{mcdonnell2023ranpac} & \textcolor{red}{92.68$\pm$0.16} & \textcolor{red}{94.85$\pm$0.54} & \textcolor{red}{90.77$\pm$0.17} & \textcolor{red}{94.00$\pm$0.74} & 79.53$\pm$0.12 & 83.69$\pm$0.13 & 75.47$\pm$0.22 & 81.20$\pm$0.15 \\
% OS-Prompt\cite{kim2024one} & 88.35$\pm$0.23 & 92.04$\pm$0.76 & 81.46$\pm$0.56 & 87.15$\pm$1.15 & 75.78$\pm$0.06 &  80.49$\pm$0.49 & 72.50$\pm$0.78 & 78.43$\pm$1.07 \\
% CPrompt\cite{gao2024consistent} & 89.04$\pm$0.41 & 92.26$\pm$0.57 & 84.48$\pm$0.46 & 89.35$\pm$1.09 & 77.99$\pm$0.31 & 82.34$\pm$0.32 & 73.77$\pm$0.14 & 79.81$\pm$0.50 \\
% VQ-Prompt\cite{jiao2024vector} & 90.97$\pm$0.17 & 93.50$\pm$0.67 & 89.25$\pm$0.43 & 92.53$\pm$0.68 & 76.00$\pm$0.28 & 79.84$\pm$0.56 & 74.76$\pm$0.29 & 79.30$\pm$0.34 \\
% EASE\cite{zhou2024expandable}   & 89.53$\pm$0.15 & 92.64$\pm$0.73 & 86.30$\pm$0.36 & 90.80$\pm$0.99 & 76.75$\pm$0.41 & 81.14$\pm$0.31 & 73.90$\pm$0.61 & 80.26$\pm$0.52 \\
% SSIAT\cite{tan2024semantically}  & 92.01$\pm$0.15 & 94.37$\pm$0.68 & 90.07$\pm$0.44 & \textcolor{blue}{93.52$\pm$0.65}  & 80.52$\pm$0.07 & \textcolor{blue}{84.25$\pm$0.31} & \textcolor{blue}{78.35$\pm$0.34} & \textcolor{blue}{82.39$\pm$0.42} \\
% InfLoRA+CA\cite{liang2024inflora} & 92.28$\pm$0.06 & 94.46$\pm$0.63 & 90.39$\pm$0.01 & 93.32$\pm$0.72 & 80.92$\pm$0.28 & 84.22$\pm$0.30 & 76.50$\pm$0.30 & 81.57$\pm$0.34 \\
% MOS\cite{sun2024mos} & 92.31$\pm$0.20 & 94.44$\pm$0.74 & 89.43$\pm$0.37 & 92.95$\pm$0.79 & 78.76$\pm$0.17 & 82.37$\pm$0.26 & 75.16$\pm$0.59 & 80.53$\pm$0.70 \\
% \midrule
% \textbf{Ours} & \textcolor{blue}{92.40$\pm$0.08} & \textcolor{blue}{94.71$\pm$0.64} & \textcolor{blue}{90.51$\pm$0.14} & 93.48$\pm$0.67 & \textcolor{red}{83.37$\pm$0.26} & \textcolor{red}{87.00$\pm$0.35} & \textcolor{red}{79.43$\pm$0.34} & \textcolor{red}{84.34$\pm$0.32} \\
% \bottomrule
% \end{tabular}
% }
% \end{table*}