\begin{table*}[t!]
  \centering
\caption{
    \textbf{Learning in accuracy markets.}
    Results show outcomes of best-response dynamics,
    implemented as training by Eq.~\eqref{eq:erm}.
    All runs were initialized to $h^0=\hopt$, and converged after at most $t=2$ rounds.
    Results include \% increase at equilibrium of
    market share (min and max over providers),
    market concentration ($\mathrm{HHI}=\sum_i \ms_i^2$), and welfare. Standard errors of the experiments are insignificant and shown in Appx.~\ref{appx:tables}.
    }
\resizebox{\textwidth}{!}{
% 22_01_25_linear_xgb_rf_extended
\begin{tabular}{rrrllllrllllrllll}
  &   &   & \multicolumn{4}{c}{\textbf{COMPAS-arrest}} &   & \multicolumn{4}{c}{\textbf{COMPAS-violent}} &   & \multicolumn{4}{c}{\textbf{Adult}} \\
\cmidrule{4-7}\cmidrule{9-12}\cmidrule{14-17}  &   &   & \multicolumn{1}{c}{$\min \ms$} & \multicolumn{1}{c}{$\max \ms$} & \multicolumn{1}{c}{HHI} & \multicolumn{1}{c}{welfare} &   & \multicolumn{1}{c}{$\min \ms$} & \multicolumn{1}{c}{$\max \ms$} & \multicolumn{1}{c}{HHI} & \multicolumn{1}{c}{welfare} &   & \multicolumn{1}{c}{$\min \ms$} & \multicolumn{1}{c}{$\max \ms$} & \multicolumn{1}{c}{HHI} & \multicolumn{1}{c}{welfare} \\
\cmidrule{4-7}\cmidrule{9-12}\cmidrule{14-17}\multirow{5}[2]{*}{\begin{sideways}\# providers\end{sideways}} & 2 &   & +25.4\% & +31.0\% & +64.5\% & +28.2\% &   & +41.8\% & +61.2\% & +130.6\% & +51.5\% &  &+4.0\% & +30.5\% & +39.8\% & +17.3\% \\
  & 3 &   & +38.7\% & +48.5\% & +106.2\% & +43.5\% &   & +46.8\% & +82.5\% & +163.7\% & +61.6\% &   & +2.9\% & +41.7\% & +51.8\% & +22.1\%  \\
  & 4 &    & +38.0\% & +66.9\% & +121.9\% & +48.4\% &   & +48.5\% & +94.6\% & +172.0\% & +63.9\%  & & +6.1\% & +39.4\% & +51.2\% & +22.0\% \\
  & 5  &   & +36.8\% & +83.2\% & +128.7\% & +50.1\% &   & +48.7\% & +94.6\% & +172.3\% & +64.0\%&   & +11.7\% & +33.2\% & +51.4\% & +22.7\% \\
  & 6  &   & +38.7\% & +80.4\% & +127.9\% & +50.2\% &   & +48.5\% & +89.0\% & +172.3\% & +64.2\% &   & +10.5\% & +41.6\% & +53.7\% & +23.2\%\\
\cmidrule{4-7}\cmidrule{9-12}\cmidrule{14-17}\end{tabular}%
}
\label{tbl:main}%
\end{table*}%








% \resizebox{\textwidth}{!}{
% % 22_01_25_linear_xgb_rf_extended
% \begin{tabular}{rrrllllrllllrllll}
%   &   &   & \multicolumn{4}{c}{\textbf{Adult}} &   & \multicolumn{4}{c}{\textbf{COMPAS-arrest}} &   & \multicolumn{4}{c}{\textbf{COMPAS-violent}} \\
% \cmidrule{4-7}\cmidrule{9-12}\cmidrule{14-17}  &   &   & \multicolumn{1}{c}{$\min \ms$} & \multicolumn{1}{c}{$\max \ms$} & \multicolumn{1}{c}{HHI} & \multicolumn{1}{c}{welfare} &   & \multicolumn{1}{c}{$\min \ms$} & \multicolumn{1}{c}{$\max \ms$} & \multicolumn{1}{c}{HHI} & \multicolumn{1}{c}{welfare} &   & \multicolumn{1}{c}{$\min \ms$} & \multicolumn{1}{c}{$\max \ms$} & \multicolumn{1}{c}{HHI} & \multicolumn{1}{c}{welfare} \\
% \cmidrule{4-7}\cmidrule{9-12}\cmidrule{14-17}\multirow{5}[2]{*}{\begin{sideways}\# providers\end{sideways}} & 2 &   & +4.0\% & +30.5\% & +39.8\% & +17.3\% &   & +25.4\% & +31.0\% & +64.5\% & +28.2\% &   & +41.8\% & +61.2\% & +130.6\% & +51.5\% \\
%   & 3 &   & +2.9\% & +41.7\% & +51.8\% & +22.1\% &   & +38.7\% & +48.5\% & +106.2\% & +43.5\% &   & +46.8\% & +82.5\% & +163.7\% & +61.6\% \\
%   & 4 &   & +6.1\% & +39.4\% & +51.2\% & +22.0\% &   & +38.0\% & +66.9\% & +121.9\% & +48.4\% &   & +48.5\% & +94.6\% & +172.0\% & +63.9\% \\
%   & 5 &   & +11.7\% & +33.2\% & +51.4\% & +22.7\% &   & +36.8\% & +83.2\% & +128.7\% & +50.1\% &   & +48.7\% & +94.6\% & +172.3\% & +64.0\% \\
%   & 6 &   & +10.5\% & +41.6\% & +53.7\% & +23.2\% &   & +38.7\% & +80.4\% & +127.9\% & +50.2\% &   & +48.5\% & +89.0\% & +172.3\% & +64.2\% \\
% \cmidrule{4-7}\cmidrule{9-12}\cmidrule{14-17}\end{tabular}%
% }