\begin{table*}[t]
\centering
\caption{The percentage (\%) of different error types in LLMs on the test set of \benchmark under preferred-only and chronological settings. IF, TH, TFM, TPM, PNM, PVM stand for Invalid Format, Tool Hallucination, Tool Functionality Mismatch, Tool Preference Mismatch, Parameter Name Mismatch and Parameter Value Mismatch errors, respectively. 
% \% improve represents the relative improvement achieved by our method over the previously best tool retrieval method.
} 
% \small
\resizebox{0.87\linewidth}{!}
{
\begin{tabular}{@{}l|c|ccc|cc|c|ccc|cc@{}}
\toprule
\multirow{2}{*}{\textbf{Models}} & \multicolumn{6}{c|}{\textbf{\textsc{Preferred-only}}} & \multicolumn{6}{c}{\textbf{\textsc{Chronological}}} \\ 
\cmidrule(lr){2-13}
&IF  &TH  &TFM &TPM  &PNM  &PVM &IF  &TH  &TFM &TPM  &PNM  &PVM \\ 
 % &IF (\%)  &TH (\%)  &TFM (\%) &TPM (\%) &PNM (\%) &PVM (\%) &IF (\%)  &TH (\%)  &TFM (\%) &TPM (\%) &PNM (\%) &PVM (\%) \\ 
 \midrule
Qwen2.5-7B &$10.9$  &$3.6$  &$19.6$  &$25.5$  &$10.4$  &$14.9$ &$11.2$  &$2.3$  &$7.1$  &$54.6$  &$5.4$  &$13.2$  \\ 
LLaMA3-8B &$2.5$  &$5.3$  &$19.3$  &$24.8$  &$11.4$  &$15.0$ &$2.5$  &$3.7$  &$2.8$  &$64.4$  &$6.8$  &$12.6$ \\
GPT-4o-mini &\bf 0.1  &$3.5$  &$20.1$  &$24.4$  &$10.6$  &$16.4$ &\bf 0.0  &$1.5$  &$6.9$  &$60.2$  &$6.2$  &$13.3$ \\ 
GPT-4o &$0.5$  &\bf 1.5 &$20.0$  &$30.3$  &$7.9$  &$14.0$ &$1.3$  &\bf 1.1 &$6.6$  &$57.3$  &\bf 4.7  &$12.2$\\ 
% \midrule
\textbf{\framework} &$0.6$  &$3.4$  &\bf 9.3  &\bf 12.0  &\bf 7.6  &\bf 3.9 &$0.5$  &$1.8$  &\bf 6.5  &\bf 10.4  &$5.1$  &\bf 3.1 \\ 
\bottomrule
\end{tabular}} 
\label{error_results}
\end{table*}




% \begin{table*}[t]
% \centering
% \caption{In-domain evaluation on TR-bench in terms of NDCG@$m$ under scenarios including Invalid Format, Tool Hallucination, Tool Functionality Mismatch, Tool Preference Mismatch, Parameter Name Mismatch, Parameter Value Mismatch. \% improve represents the
% relative improvement achieved by our method over the previously best tool retrieval method.} 
% % \small
% \resizebox{0.5\linewidth}{!}{
% \begin{tabular}{@{}l|c|ccc|cc@{}}
% \toprule
% % \multirow{2}{*}{\textbf{Models}} & \multicolumn{2}{c|}{\textbf{{Preferred-only}}} & \multicolumn{2}{c|}{\textbf{{Rating-integrated}}} & \multicolumn{2}{c|}{\textbf{{Chronological}}} \\ 
% % \cmidrule(lr){2-7}
% \textbf{Models} & scenarios &IF  &TH  &TFM &TPM  &PNM  &PVM  \\ \midrule
% Qwen2.5-7B &$10.9/11.2$  &$3.6/2.3$  &$19.6/7.1$  &$25.5/54.6$  &$10.4/5.4$  &$14.9/13.2$  \\ 
% LLaMA3-8B &$2.5/2.5$  &$5.3/3.7$  &$19.3/2.8$  &$24.8/64.4$  &$11.4/6.8$  &$15.0/12.6$  \\
% GPT-4o-mini &$0.1/0.0$  &$3.5/1.5$  &$20.1/6.9$  &$24.4/60.2$  &$10.6/6.2$  &$16.4/13.3$ \\ 
% GPT-4o &$0.5/1.3$  &$1.5/1.1$  &$20.0/6.6$  &$30.3/57.3$  &$7.9/4.7$  &$14.0/12.2$ \\ 
% \midrule
% \textbf{Ours} &\bf 0.6/0.5  &\bf 3.4/1.8  &\bf 9.3/6.5  &\bf 12.0/10.4  &\bf 7.6/5.1  &\bf 3.9/3.1 \\ 
% \bottomrule
% \end{tabular}} 
% \label{error_results}
% \end{table*}