\begin{table}[tp]
\centering
\resizebox{\columnwidth}{!}{

\begin{tabular}{r|ccccc}
\toprule

Methods                          & Acc   & Abs   & C     & P     & O     \\
\midrule
\multicolumn{6}{c}{\textbf{K}nown-\textbf{I}nfo}         \\
\midrule
\absinst    & 53.31 & 6.03  & 4.44  & 33.14 & 3.07  \\
\baseline & 80.17 & 0.00  & 1.35  & 15.08 & 3.39  \\
\ours   & 85.18 & 1.01  & 1.78  & 10.33 & 1.71  \\
\midrule
\multicolumn{6}{c}{\textbf{U}nknown-\textbf{I}nfo}       \\
\midrule
\absinst    & 60.61 & 10.50 & 13.51 & 2.82  & 12.55 \\
\baseline & 76.27 & 0.00  & 6.50  & 4.32  & 12.92 \\
\ours   & 76.82 & 3.12  & 6.59  & 3.78  & 9.67  \\
\midrule
\multicolumn{6}{c}{\textbf{K}nown-\textbf{U}ninfo}       \\
\midrule
\absinst    & 75.39 & 12.39 & 6.95  & 0.99  & 4.27  \\
\baseline & 86.63 & 0.00  & 0.93  & 0.00  & 12.44 \\
\ours   & 67.22 & 21.25 & 1.45  & 0.11  & 9.97  \\
\midrule
 \multicolumn{6}{c}{\textbf{U}nknown-\textbf{U}ninfo}     \\
\midrule
\absinst    & 4.85  & 36.62 & 19.26 & 15.27 & 24.00 \\
\baseline & 11.08 & 0.01  & 4.89  & 23.24 & 60.78 \\
\ours   & 5.27  & 56.04 & 4.02  & 12.07 & 22.59 \\
\bottomrule

\end{tabular}}
\caption{The percentage of instances of accuracy (Acc), abstention (Abs), and error types (C, P, O) across four knowledge-handling scenarios using Llama 3 8B, averaged over out-of-domain datasets.}
\label{table:analysis_v6_irr_trained_OOD}
\end{table}