\begin{table}[tp]
\centering
\resizebox{\columnwidth}{!}{


\begin{tabular}{r|ccccc}
\toprule
Methods                          & Acc & Abs & C & P & O \\
\midrule
\multicolumn{6}{c}{\textbf{K}nown-\textbf{I}nfo}                        \\
\midrule
\absinst    & 45.38   & 11.65   & 2.93       & 38.95      & 1.09   \\
\baseline & 82.52   & 0.00    & 0.62       & 13.30      & 3.57   \\
\ours   & 84.87   & 0.54    & 0.86       & 11.22      & 2.52   \\
\midrule
\multicolumn{6}{c}{\textbf{U}nknown-\textbf{I}nfo}                      \\
\midrule
\absinst    & 55.50   & 20.97   & 7.90       & 4.76       & 10.87  \\
\baseline & 77.13   & 0.00    & 3.96       & 7.05       & 11.86  \\
\ours   & 77.25   & 2.89    & 5.99       & 5.16       & 8.71   \\
\midrule
\multicolumn{6}{c}{\textbf{K}nown-\textbf{U}ninfo}                      \\
\midrule
\absinst    & 67.28   & 22.17   & 8.00       & 0.23       & 2.34   \\
\baseline & 94.53   & 0.00    & 0.69       & 0.03       & 4.76   \\
\ours   & 76.70   & 18.16   & 0.98       & 0.03       & 4.13   \\

\midrule
\multicolumn{6}{c}{\textbf{U}nknown-\textbf{U}ninfo}                    \\
\midrule
\absinst    & 7.39    & 49.70   & 14.84      & 13.04      & 15.02  \\
\baseline & 15.01   & 0.01    & 2.84       & 34.96      & 47.18  \\
\ours   & 7.01    & 59.73   & 2.71       & 15.99      & 14.55 \\
\bottomrule


\end{tabular}}
\caption{The percentage of instances of accuracy (Acc), abstention (Abs), and error types (C, P, O) across four knowledge-handling scenarios using Llama 3 8B, averaged over in-domain datasets.}
\label{table:analysis_v6_irr_trained_ID}
\end{table}