% Please add the following required packages to your document preamble:
% \usepackage{multirow}
% \begin{table}[t]
% \centering
% \caption{Ablation Study. The Performance of Unit Test Generation by GPT-4-Turbo Using Different Prompts.}
% \resizebox{\linewidth}{!}{
% \begin{tabular}{cccccccc}
% \hline
% \textbf{Phase} & \textbf{Settings} & \textbf{\#Tests} & \textbf{\#Correct Tests} & \textbf{CR} & \textbf{ComR} & \textbf{LC} & \textbf{BC} \\
% \hline
% \multirow{6}{*}{Phase 1} & Full Prompt & 12.60 & 6.15 & 47\% & 65\% & 40\% & 36\% \\
%  & w/o CR & 12.75 & 4.75 & 33\% $\downarrow$ & 65\% & 42\% & 38\% \\
%  & w/o ComR & 11.20 & 3.95 & 35\% & 63\% $\downarrow$ & 41\% & 38\% \\
%  & w/o Coverage & 9.80 & 4.20 & 43\% & 75\% & 46\% $\uparrow$ & 42\% $\uparrow$ \\
%  & w/o PL & 9.95 & 4.35 & 47\% & 75\% & 53\% & 49\% \\
%  & w/ Comments & 10.65 & 4.15 & 41\% & 65\% & 45\% & 41\% \\
%  \hline
% \multirow{6}{*}{Phase 2} & Full Prompt & 12.60 & 9.10 & 73\% & 100\% & 65\% & 59\% \\
%  & w/o CR & 12.75 & 7.65 & 60\% $\downarrow$ & 100\% & 69\% & 64\% \\
%  & w/o ComR & 11.20 & 6.90 & 62\% & 100\% & 69\% & 64\% \\
%  & w/o Coverage & 9.80 & 5.95 & 61\% & 100\% & 64\% $\downarrow$ & 59\% $\rightarrow$ \\
%  & w/o PL & 9.95 & 6.40 & 65\% & 100\% & 70\% & 66\% \\
%  & w/ Comments & 10.65 & 6.70 & 63\% & 100\% & 67\% & 61\% \\
%  \hline
% \multirow{6}{*}{Phase 3} & Full Prompt & 12.60 & 9.30 & 74\% & 100\% & 65\% & 59\% \\
%  & w/o CR & 12.75 & 9.9 & 76\% $\uparrow$ & 100\% & 69\% & 64\% \\
%  & w/o ComR & 11.20 & 8.35 & 75\% & 100\% & 70\% & 65\% \\
%  & w/o Coverage & 9.80 & 6.75 & 68\% & 100\% & 66\% $\uparrow$ & 61\% $\uparrow$ \\
%  & w/o PL & 9.95 & 6.90 & 70\% & 100\% & 70\% & 66\% \\
%  & w/ Comments & 10.65 & 7.00 & 66\% & 100\% & 68\% & 62\% \\
%  \hline
% \end{tabular}
% }
% \label{tab: ablation}
% \end{table}

% \begin{table}[t]
% \centering
% \caption{Ablation Study. The Performance of Unit Test Generation by GPT-4-Turbo Using Different Prompts.}
% \resizebox{\linewidth}{!}{
% \begin{tabular}{cccccccc}
% \hline
% \textbf{Phase} & \textbf{Settings} & \textbf{\#Tests} & \textbf{\#Correct Tests} & \textbf{CR} & \textbf{ComR} & \textbf{LC} & \textbf{BC} \\
% \hline
% \multirow{6}{*}{Vanilla} & Full Prompt & 12.60 & 6.15 & 47\% & 65\% & 40\% & 36\% \\
%  & w/o CR & 12.75 & 4.75 & 33\% $\downarrow$ & 65\% & 42\% & 38\% \\
%  & w/o ComR & 11.20 & 3.95 & 35\% & 63\% $\downarrow$ & 41\% & 38\% \\
%  & w/o Coverage & 9.80 & 4.20 & 43\% & 75\% & 46\% $\uparrow$ & 42\% $\uparrow$ \\
%  & w/o PL & 9.95 & 4.35 & 47\% & 75\% & 53\% & 49\% \\
%  & w/ Comments & 10.65 & 4.15 & 41\% & 65\% & 45\% & 41\% \\
%  \hline
% \multirow{6}{*}{Phase 2} & Full Prompt & 12.60 & 9.10 & 73\% & 100\% & 65\% & 59\% \\
%  & w/o CR & 12.75 & 7.65 & 60\% $\downarrow$ & 100\% & 69\% & 64\% \\
%  & w/o ComR & 11.20 & 6.90 & 62\% & 100\% & 69\% & 64\% \\
%  & w/o Coverage & 9.80 & 5.95 & 61\% & 100\% & 64\% $\downarrow$ & 59\% $\rightarrow$ \\
%  & w/o PL & 9.95 & 6.40 & 65\% & 100\% & 70\% & 66\% \\
%  & w/ Comments & 10.65 & 6.70 & 63\% & 100\% & 67\% & 61\% \\
%  \hline
% \multirow{6}{*}{Manual Fixing} & Full Prompt & 12.60 & 9.30 & 74\% & 100\% & 65\% & 59\% \\
%  & w/o CR & 12.75 & 9.9 & 76\% $\uparrow$ & 100\% & 69\% & 64\% \\
%  & w/o ComR & 11.20 & 8.35 & 75\% & 100\% & 70\% & 65\% \\
%  & w/o Coverage & 9.80 & 6.75 & 68\% & 100\% & 66\% $\uparrow$ & 61\% $\uparrow$ \\
%  & w/o PL & 9.95 & 6.90 & 70\% & 100\% & 70\% & 66\% \\
%  & w/ Comments & 10.65 & 7.00 & 66\% & 100\% & 68\% & 62\% \\
%  \hline
% \end{tabular}
% }
% \label{tab: ablation}
% \end{table}

\begin{table}[t]
\centering
\caption{Ablation Study. The Performance of Unit Test Generation by GPT-4-Turbo Using Different Prompts.}
\resizebox{\linewidth}{!}{
\begin{tabular}{cccccccc}
\hline
\textbf{Phase} & \textbf{Settings} & \textbf{CR} & \textbf{ComR} & \textbf{LC} & \textbf{BC} & \textbf{\#Tests} & \textbf{\#Correct Tests} \\
\hline
\multirow{6}{*}{\textbf{Vanilla}} & Full Prompt & 47\% & 65\% & 40\% & 36\% & 12.60 & 6.15 \\
 & w/o CR & 33\% $\downarrow$ & 65\% & 42\% & 38\% & 12.75 & 4.75 \\
 & w/o ComR & 35\% & 63\% $\downarrow$ & 41\% & 38\% & 11.20 & 3.95 \\
 & w/o Coverage & 43\% & 75\% & 46\% $\uparrow$ & 42\% $\uparrow$ & 9.80 & 4.20 \\
 & w/o PL & 47\% & 75\% & 53\% & 49\% & 9.95 & 4.35 \\
 & w/ Comments & 41\% & 65\% & 45\% & 41\% & 10.65 & 4.15 \\
 \hline
% \multirow{6}{*}{Phase 2} & Full Prompt & 73\% & 100\% & 65\% & 59\% & 12.60 & 9.10 \\
%  & w/o CR & 60\% $\downarrow$ & 100\% & 69\% & 64\% & 12.75 & 7.65 \\
%  & w/o ComR & 62\% & 100\% & 69\% & 64\% & 11.20 & 6.90 \\
%  & w/o Coverage & 61\% & 100\% & 64\% $\downarrow$ & 59\% $\rightarrow$ & 9.80 & 5.95 \\
%  & w/o PL & 65\% & 100\% & 70\% & 66\% & 9.95 & 6.40 \\
%  & w/ Comments & 63\% & 100\% & 67\% & 61\% & 10.65 & 6.70 \\
%  \hline
\multirow{6}{*}{\textbf{Manual Fixing}} & Full Prompt & 74\% & 100\% & 65\% & 59\% & 12.60 & 9.30 \\
 & w/o CR & 76\% $\uparrow$ & 100\% & 69\% & 64\% & 12.75 & 9.90 \\
 & w/o ComR & 75\% & 100\% & 70\% & 65\% & 11.20 & 8.35 \\
 & w/o Coverage & 68\% & 100\% & 66\% $\uparrow$ & 61\% $\uparrow$ & 9.80 & 6.75 \\
 & w/o PL & 70\% & 100\% & 70\% & 66\% & 9.95 & 6.90 \\
 & w/ Comments & 66\% & 100\% & 68\% & 62\% & 10.65 & 7.00 \\
 \hline
\end{tabular}
}
\label{tab: ablation}
\end{table}
