% \begin{table}[t]
% \centering
% \caption{Evaluation Results When Only Manually Fixing Compilation Errors}
% \resizebox{\linewidth}{!}{
% \begin{tabular}{cccccccc}
% \hline
% \textbf{Language} & \textbf{Model} & \textbf{\#Tests} & \textbf{\#Correct Tests} & \textbf{CR} & \textbf{ComR} & \textbf{LC} & \textbf{BC} \\
% \hline
% \multirow{8}{*}{Python} & GPT-4-Turbo & 12.60 & 9.10 & 73\% & 100\% & 65\% & 59\% \\
%  & GPT-3.5-Turbo & 16.90 & 10.40 & 63\% & 100\% & 62\% & 56\% \\
%  & GPT-o1 & 36.35 & 32.25 & \underline{89\%} & 100\% & \textbf{88\%} & 85\%\\
%  & Gemini-2.0-Flash & 34.95 & 22.10 & 61\% & 100\% & 71\% & 68\% \\
%  & Claude-3.5-Sonnet & 18.05 & 16.40 & \textbf{92\%} & 100\% & \underline{74\%} & \underline{70\%} \\
%  & CodeQwen1.5  & 25.40 & 9.60 & 40\% & 100\% & 65\% & 59\% \\
%  & DeepSeek-Coder & 7.20 & 4.10 & 53\% & 100\% & 60\% & 54\% \\
%  & CodeLlama & 19.30 & 6.15 & 26\% & 100\% & 56\% & 50\% \\
%  & CodeGemma & 15.00 & 6.15 & 30\% & 100\% & 52\% & 47\% \\
%  \hline
% \multirow{8}{*}{Java} & GPT-4-Turbo & 7.05 & 5.05 & 59\% & 100\% & 42\% & 34\% \\
%  & GPT-3.5-Turbo & 7.50 & 4.20 & 48\% & 100\% & 37\% & 29\% \\
%  & GPT-o1 & 15.70 & 10.50 & \underline{62\%} & 100\% & \textbf{67\%} & \underline{56\%} \\
%  & Gemini-2.0-Flash & 23.30 & 15.00 & 55\% & 100\% & 54\% & 53\% \\
%  & Claude-3.5-Sonnet & 12.35 & 9.60 & \textbf{73\%} & 100\% & \underline{63\%} & \textbf{57\%} \\
%  & CodeQwen1.5  & 12.95 & 7.50 & 49\% & 100\% & 49\% & 39\% \\
%  & DeepSeek-Coder& 7.00 & 2.85 & 40\% & 100\% & 36\% & 19\% \\
%  & CodeLlama & 7.85 & 4.25 & 30\% & 100\% & 26\% & 21\% \\
%  & CodeGemma & 10.50 & 5.55 & 46\% & 100\% & 44\% & 26\% \\
%  \hline
% \multirow{8}{*}{JavaScript} & GPT-4-Turbo & 16.30 & 14.15 & \underline{89\%} & 100\% & 75\% & 59\% \\
%  & GPT-3.5-Turbo & 13.25 & 10.65 & 71\% & 100\% & 56\% & 44\% \\
%  & GPT-o1 & 39.40 & 35.15 & \textbf{91\%} & 100\% & \textbf{92\%} & \underline{79\%}\\
%  & Gemini-2.0-Flash & 45.85 & 33.30 & 76\% & 100\% & \underline{88\%} & \textbf{80\%} \\
%  & Claude-3.5-Sonnet & 20.25 & 16.75 & 83\% & 100\% & 75\% & 66\% \\
%  & CodeQwen1.5  & 8.45 & 5.65 & 28\% & 100\% & 29\% & 22\% \\
%  & DeepSeek-Coder& 11.85 & 8.05 & 66\% & 100\% & 58\% & 43\% \\
%  & CodeLlama & 48.75 & 21.40 & 28\% & 100\% & 20\% & 15\% \\
%  & CodeGemma & 9.00 & 5.75 & 45\% & 100\% & 43\% & 30\% \\
%  \hline
% \end{tabular}
% }
% \label{tab: results_2}
% \end{table}

\begin{table}[t]
\centering
\caption{Evaluation Results When Only Manually Fixing Compilation Errors}
\resizebox{\linewidth}{!}{
\begin{tabular}{cccccccc}
\hline
\textbf{Language} & \textbf{Model} & \textbf{CR} & \textbf{ComR} & \textbf{LC} & \textbf{BC} & \textbf{\#Tests} & \textbf{\#Correct Tests} \\
\hline
\multirow{8}{*}{Python} 
 & GPT-4-Turbo & 73\% & 100\% & 65\% & 59\% & 12.60 & 9.10 \\
 & GPT-3.5-Turbo & 63\% & 100\% & 62\% & 56\% & 16.90 & 10.40 \\
 & GPT-o1 & \underline{89\%} & 100\% & \textbf{88\%} & \textbf{85\%} & 36.35 & 32.25 \\
 & Gemini-2.0-Flash & 61\% & 100\% & 71\% & 68\% & 34.95 & 22.10 \\
 & Claude-3.5-Sonnet & \textbf{92\%} & 100\% & \underline{74\%} & \underline{70\%} & 18.05 & 16.40 \\
 & CodeQwen1.5  & 40\% & 100\% & 65\% & 59\% & 25.40 & 9.60 \\
 & DeepSeek-Coder & 53\% & 100\% & 60\% & 54\% & 7.20 & 4.10 \\
 & CodeLlama & 26\% & 100\% & 56\% & 50\% & 19.30 & 6.15 \\
 & CodeGemma & 30\% & 100\% & 52\% & 47\% & 15.00 & 6.15 \\
 \hline
\multirow{8}{*}{Java} 
 & GPT-4-Turbo & 59\% & 100\% & 42\% & 34\% & 7.05 & 5.05 \\
 & GPT-3.5-Turbo & 48\% & 100\% & 37\% & 29\% & 7.50 & 4.20 \\
 & GPT-o1 & \underline{62\%} & 100\% & \textbf{67\%} & \underline{56\%} & 15.70 & 10.50 \\
 & Gemini-2.0-Flash & 55\% & 100\% & 54\% & 53\% & 23.30 & 15.00 \\
 & Claude-3.5-Sonnet & \textbf{73\%} & 100\% & \underline{63\%} & \textbf{57\%} & 12.35 & 9.60 \\
 & CodeQwen1.5  & 49\% & 100\% & 49\% & 39\% & 12.95 & 7.50 \\
 & DeepSeek-Coder & 40\% & 100\% & 36\% & 19\% & 7.00 & 2.85 \\
 & CodeLlama & 30\% & 100\% & 26\% & 21\% & 7.85 & 4.25 \\
 & CodeGemma & 46\% & 100\% & 44\% & 26\% & 10.50 & 5.55 \\
 \hline
\multirow{8}{*}{JavaScript} 
 & GPT-4-Turbo & \underline{89\%} & 100\% & 75\% & 59\% & 16.30 & 14.15 \\
 & GPT-3.5-Turbo & 71\% & 100\% & 56\% & 44\% & 13.25 & 10.65 \\
 & GPT-o1 & \textbf{91\%} & 100\% & \textbf{92\%} & \underline{79\%} & 39.40 & 35.15 \\
 & Gemini-2.0-Flash & 76\% & 100\% & \underline{88\%} & \textbf{80\%} & 45.85 & 33.30 \\
 & Claude-3.5-Sonnet & 83\% & 100\% & 75\% & 66\% & 20.25 & 16.75 \\
 & CodeQwen1.5  & 28\% & 100\% & 29\% & 22\% & 8.45 & 5.65 \\
 & DeepSeek-Coder & 66\% & 100\% & 58\% & 43\% & 11.85 & 8.05 \\
 & CodeLlama & 28\% & 100\% & 20\% & 15\% & 48.75 & 21.40 \\
 & CodeGemma & 45\% & 100\% & 43\% & 30\% & 9.00 & 5.75 \\
 \hline
\end{tabular}
}
\label{tab: ablation2}
\end{table}
