\begin{table}[t]
\centering
\caption{Analysis of LLM error patterns in multiple-choice questions: When LLMs answer incorrectly, do they select the same wrong answers as students? Results show remarkable alignment between LLM and student errors across model sizes (0.5B-72B parameters), with even small models selecting students' most common wrong answers over 50\% of the time. This surprising finding has important implications for educational technology: smaller models' tendency to make ``student-like'' mistakes, combined with their higher error rate, presents an innovative and cost-effective approach to generating pedagogically relevant distractors.}
\adjustbox{max width = \textwidth}{
\begin{tabular}{lccccc}
\toprule
\rowcolor{gray!21} \multicolumn{6}{c}{Index-based Likelihood} \\
& \# Incorrect & $1^{st}$ Dist (\%) & $2^{nd}$ Dist(\%) & $3^{rd}$ Dist(\%) & Alignment\\
\midrule
\textbf{qwen-0.5b} & 1781 & 51.6 & 32.6 & 15.8 & 0.757\\

\textbf{llama-1b} & 1887 & 49.2 & 33.1 & 17.7 & 0.731\\

\textbf{qwen-1.5b} & 1309 & 54.2 & 31.3 & 14.5 & 0.775\\

\textbf{llama-3b} & 1515 & 51.2 & 31.8 & 17.0 & 0.751\\

\textbf{qwen-3b} & 1078 & 55.9 & 28.8 & 15.2 & 0.784\\

\textbf{qwen-7b} & 794 & 56.5 & 28.1 & 15.4 & 0.785\\

\textbf{llama-8b} & 1259 & 51.4 & 29.7 & 18.9 & 0.748\\

\textbf{qwen-14b} & 561 & 58.6 & 29.1 & 12.3 & 0.803\\

\textbf{llama-70b} & 747 & 54.2 & 30.5 & 15.3 & 0.778\\

\textbf{qwen-72b} & 435 & 59.3 & 25.1 & 15.6 & 0.783\\
\midrule
\rowcolor{gray!21} \multicolumn{6}{c}{Text-based Likelihood} \\
& \# Incorrect & $1^{st}$ Dist (\%) & $2^{nd}$ Dist(\%) & $3^{rd}$ Dist(\%) & Alignment \\
\midrule
\textbf{qwen-0.5b} & 2116 & 39.0 & 31.9 & 29.1 & 0.648\\

\textbf{llama-1b} & 2079 & 38.7 & 32.2 & 29.1 & 0.647\\

\textbf{qwen-1.5b} & 1886 & 41.5 & 32.2 & 26.2 & 0.673\\

\textbf{llama-3b} & 1893 & 42.0 & 32.8 & 25.1 & 0.676\\

\textbf{qwen-3b} & 1758 & 41.9 & 32.3 & 25.9 & 0.670\\

\textbf{qwen-7b} & 1630 & 41.3 & 31.4 & 27.3 & 0.670\\

\textbf{llama-8b} & 1684 & 43.1 & 30.7 & 26.2 & 0.679\\

\textbf{qwen-14b} & 1451 & 42.9 & 30.7 & 26.5 & 0.682\\

\textbf{llama-70b} & 1352 & 43.7 & 29.8 & 26.5 & 0.687\\

\textbf{qwen-72b} & 1323 & 42.6 & 30.8 & 26.5 & 0.682\\

\bottomrule
\end{tabular}
}
\label{tab:rq2}
\end{table}