\begin{table}[ht]
\centering
\scriptsize
\setlength{\tabcolsep}{3pt}
\renewcommand{\arraystretch}{1.2}

\caption{Performance on TOR for coco dataset}
\label{tab:text_base_exp_coco}
\begin{tabular}{llcccc}
\toprule
\rowcolor[HTML]{EFEFEF}
Task & Model & \textbf{First Obj} & \textbf{Second Obj} & \textbf{Third Obj} & \textbf{Fourth Obj} \\ 
\midrule
\multirow{6}{*}{TOR}   
     & \textit{CLIP openAI} & \textbf{35.24} & 21.90 & 20.48 & 22.38 \\
     & \textit{CLIP LAION} & \textbf{67.89} & 13.76 & 8.26 & 10.09 \\
     & \textit{CLIP Datacomp} & \textbf{57.68} & 17.68 & 12.75 & 11.88 \\
     & \textit{CLIP Roberta} & \textbf{40.78} & 23.30 & 20.39 & 15.53 \\
     & \textit{SIGLIP} & \textbf{49.47} & 26.84 & 12.11 & 11.58 \\
     & \textit{NegCLIP} & \textbf{38.69} & 22.11 & 17.09 & 22.11 \\
\bottomrule
\end{tabular}

\vspace{1em} % Adjust spacing between tables if needed

\caption{Performance on IOR for coco dataset}
\label{tab:image_base_exp_coco}
\begin{tabular}{llcccc}
\toprule
\rowcolor[HTML]{E4E8F2}
Task & Model & \textbf{Large Object} & \textbf{Small Obj 1} & \textbf{Small Obj 2} & \textbf{Small Obj 3} \\ 
\midrule
\multirow{6}{*}{IOR}   
     & \textit{CLIP openAI} & \textbf{43.02} & 28.82 & 17.13 & 11.03 \\
     & \textit{CLIP LAION} & \textbf{39.44} & 28.45 & 17.70 & 14.41 \\
     & \textit{CLIP Datacomp} & \textbf{36.71} & 29.55 & 19.13 & 14.61 \\
     & \textit{CLIP Roberta} & \textbf{36.71} & 28.61 & 19.82 & 14.86 \\
     & \textit{SIGLIP} & \textbf{36.63} & 28.29 & 20.02 & 15.06 \\
     & \textit{NegCLIP} & \textbf{44.04} & 28.86 & 16.48 & 10.62 \\
\midrule
\multirow{6}{*}{I2TOR}   
     & \textit{CLIP openAI} & \textbf{51.49} & 24.87 & 13.68 & 9.97 \\
     & \textit{CLIP LAION} & \textbf{45.50} & 27.02 & 15.91 & 11.56 \\
     & \textit{CLIP Datacomp} & \textbf{46.64} & 26.82 & 14.53 & 12.01 \\
     & \textit{CLIP Roberta} & \textbf{44.69} & 26.98 & 16.04 & 12.29 \\
     & \textit{SIGLIP} & \textbf{47.09} & 27.07 & 15.10 & 10.74 \\
     & \textit{NegCLIP} & \textbf{49.04} & 27.07 & 14.08 & 9.81 \\
\bottomrule
\end{tabular}
\end{table}
