\iffalse 
\begin{tabular}{lllllllll}
\toprule
Bundle & \AAU & \AMRITA & \IPICYT & \JLU & \LSE & \NUM & \UC & \UNITN \\
\midrule
App-usage & $<$ 0.1 (0.2) & $<$ 0.1 (0.2) & $<$ 0.1 (0.4) & $<$ 0.1 (0.3) & $<$ 0.1 (0.7) & 0.1 (2.3) & $<$ 0.1 (0.3) & 0.3 (2.8) \\
Connectivity & 0.1 (5.7) & $<$ 0.1 (0.4) & $<$ 0.1 (1.2) & $<$ 0.1 (2.5) & 0.4 (16.8) & $<$ 0.1 (3.7) & $<$ 0.1 (2.8) & 0.6 (26.6) \\
Device-usage & $<$ 0.1 (0.3) & $<$ 0.1 (0.2) & $<$ 0.1 (0.2) & $<$ 0.1 (0.4) & $<$ 0.1 (0.9) & 0.2 (2.3) & $<$ 0.1 (0.4) & 0.5 (4.4) \\
Environment & 0.3 (2.6) & 0.1 (1.4) & 0.6 (6.4) & 0.6 (5.6) & 1.5 (12.1) & 3.3 (35.2) & 0.5 (5.4) & 5.2 (44.5) \\
Motion & 1.9 (18.0) & 1.3 (13.2) & 4.0 (36.8) & 1.2 (12.4) & 7.0 (61.3) & 17.1 (161.3) & 1.8 (19.9) & 18.0 (174.8) \\
Position & 0.6 (5.2) & 0.6 (5.5) & 1.3 (10.2) & 0.1 (1.7) & 2.9 (23.0) & 6.8 (54.7) & 0.8 (7.6) & 12.7 (104.8) \\
Questionnaires & $<$ 0.1  & $<$ 0.1  & $<$ 0.1  & $<$ 0.1  & $<$ 0.1  & $<$ 0.1  & $<$ 0.1  & $<$ 0.1 \\
Time diaries & $<$ 0.1  & $<$ 0.1  & $<$ 0.1  & $<$ 0.1  & $<$ 0.1  & $<$ 0.1  & $<$ 0.1  & $<$ 0.1  \\
\midrule
Total & 2.9 & 2.1 & 6.0 & 2.1 & 12.0 & 27.7 & 3.3 & 37.3 \\
\bottomrule
\end{tabular}
\fi 


\begin{tabular}{lllllllll}
\toprule
\textbf{Bundle name} & \textbf{\JLU} & \textbf{\AAU} & \textbf{\AMRITA} & \textbf{\UNITN} & \textbf{\IPICYT} & \textbf{\NUM} & \textbf{\UC} & \textbf{\LSE} \\
\midrule
App-usage & $<$ 0.1 (0.3) & $<$ 0.1 (0.2) & $<$ 0.1 (0.2) & 0.3 (2.8) & $<$ 0.1 (0.4) & 0.1 (2.3) & $<$ 0.1 (0.3) & $<$ 0.1 (0.7) \\
Connectivity & $<$ 0.1 (2.5) & 0.1 (5.7) & $<$ 0.1 (0.4) & 0.6 (26.6) & $<$ 0.1 (1.2) & $<$ 0.1 (3.7) & $<$ 0.1 (2.8) & 0.4 (16.8) \\
Device-usage & $<$ 0.1 (0.4) & $<$ 0.1 (0.3) & $<$ 0.1 (0.2) & 0.5 (4.4) & $<$ 0.1 (0.2) & 0.2 (2.3) & $<$ 0.1 (0.4) & $<$ 0.1 (0.9) \\
Environment & 0.6 (5.6) & 0.3 (2.6) & 0.1 (1.4) & 5.2 (44.5) & 0.6 (6.4) & 3.3 (35.2) & 0.5 (5.4) & 1.5 (12.1) \\
Motion & 1.2 (12.4) & 1.9 (18.0) & 1.3 (13.2) & 18.0 (174.8) & 4.0 (36.8) & 17.1 (161.3) & 1.8 (19.9) & 7.0 (61.3) \\
Position & 0.1 (1.7) & 0.6 (5.2) & 0.6 (5.5) & 12.7 (104.8) & 1.3 (10.2) & 6.8 (54.7) & 0.8 (7.6) & 2.9 (23.0) \\
Synchronic int. & $<$ 0.1 & $<$ 0.1 & $<$ 0.1 & $<$ 0.1 & $<$ 0.1 & $<$ 0.1 & $<$ 0.1 & $<$ 0.1 \\
Diachronic int. & $<$ 0.1 & $<$ 0.1 & $<$ 0.1 & $<$ 0.1 & $<$ 0.1 & $<$ 0.1 & $<$ 0.1 & $<$ 0.1 \\
\midrule
Total & 2.1 & 2.9 & 2.1 & 37.3 & 6.0 & 27.7 & 3.3 & 12.0 \\
\bottomrule
\end{tabular}
